rcm1    rcm2    rcm3    mgam1   mgam2   mgam3
0.135	0.158	0.154	0.075	0.068	0.054
0.176	0.22	0.219	0.094	0.091	0.072
0.262	0.32	0.281	0.126	0.127	0.097
0.321	0.39	0.375	0.152	0.157	0.115
0.4	0.484	0.471	0.17	0.177	0.133
0.488	0.564	0.579	0.203	0.212	0.18
0.554	0.625	0.671	0.222	0.235	0.177
0.611	0.702	0.757	0.226	0.24	0.18
0.516	0.782	0.841	0.224	0.237	0.18
0.51	0.849	0.908	0.219	0.229	0.179
0.529	0.902	0.958	0.21	0.221	0.173
0.523	0.964	1.019	0.201	0.21	0.165
0.532	1.027	1.082	0.192	0.205	0.158
0.587	1.096	1.148	0.185	0.198	0.149
0.633	1.157	1.209	0.18	0.194	0.145
0.661	1.213	1.268	0.173	0.185	0.145
0.793	1.269	1.31	0.17	0.184	0.135
0.838	1.313	1.353	0.165	0.179	0.131
0.966	1.349	1.385	0.163	0.179	0.131
1.002	1.344	1.402	0.16	0.178	0.13
1.031	1.341	1.394	0.158	0.176	0.128
1.252	1.326	1.372	0.157	0.175	0.127
1.244	1.32	1.357	0.152	0.17	0.123


